# ############################################################
# # MADHAT (Model-Agnostic Dark Halo Analysis Tool) Fermi NOBS
# # Ref: Atwood et al. [Fermi-LAT] [arXiv:0902.1089]; P. Bruel et al. [Fermi-LAT] [arXiv:1810.11394]
# #
# # Column 1: ID# of the dwarf galaxy
# # Column 2: current energy bin# (remains at 1 in this single-energy-bin approach)
# # Column 3: number of observed photons, N_O_ij
# # Column 4: exposure = average effective area (A_eff) multiplied by observation time (T_obs)
# ###########################################################
1	1	216	548000000000
2	1	167	610100000000
3	1	196	604100000000
4	1	141	652300000000
5	1	101	669700000000
6	1	121	665700000000
7	1	563	628800000000
8	1	244	702100000000
9	1	461	737900000000
10	1	471	737400000000
11	1	133	572900000000
12	1	110	560800000000
13	1	174	631200000000
14	1	189	620000000000
15	1	192	572400000000
16	1	229	867100000000
17	1	226	906400000000
18	1	105	666100000000
19	1	171	684000000000
20	1	162	629800000000
21	1	149	635400000000
22	1	207	619700000000
23	1	323	637600000000
24	1	232	700700000000
25	1	160	684000000000
26	1	241	604000000000
27	1	388	700000000000
28	1	348	623400000000
29	1	275	640200000000
30	1	357	618000000000
31	1	176	574200000000
32	1	117	603400000000
33	1	168	551700000000
34	1	163	586700000000
35	1	179	554200000000
36	1	227	566000000000
37	1	122	665600000000
38	1	160	695800000000
39	1	398	746300000000
40	1	190	564200000000
41	1	178	707200000000
42	1	228	740400000000
43	1	777	603100000000
44	1	380	589800000000
45	1	157	606200000000
46	1	180	584100000000
47	1	338	602300000000
48	1	179	554600000000
49	1	272	652800000000
50	1	185	687400000000
51	1	178	698600000000
52	1	166	705000000000
53	1	160	711100000000
54	1	149	740700000000
55	1	312	852400000000
56	1	182	916000000000
57	1	166	552500000000
58	1	164	734200000000
59	1	488	639900000000
60	1	192	600600000000
61	1	401	634200000000
62	1	177	746500000000
63	1	134	592300000000
64	1	373	627200000000
65	1	431	594800000000
66	1	191	739500000000
67	1	344	696900000000
68	1	219	679800000000
69	1	223	633800000000
70	1	121	646400000000
71	1	247	645700000000
72	1	263	751000000000
73	1	242	752400000000
74	1	130	564800000000
75	1	115	564600000000
76	1	289	578900000000
77	1	304	743600000000
78	1	194	561900000000
79	1	581	573000000000
80	1	253	600400000000
81	1	190	578200000000
82	1	179	610200000000
83	1	152	558000000000
84	1	194	623900000000
85	1	189	914300000000
86	1	265	648700000000
87	1	614	598600000000
88	1	1021	628900000000
89	1	415	702200000000
90	1	248	751800000000
91	1	212	596700000000
92	1	428	756700000000
93	1	147	637002320000
