############################################################
# MADHAT (Model-Agnostic Dark Halo Analysis Tool) Fermi NOBS
# Ref: Atwood et al. [Fermi-LAT] [arXiv:0902.1089]; P. Bruel et al. [Fermi-LAT] [arXiv:1810.11394]
#
# Column 1: ID# of the dwarf galaxy
# Column 2: current energy bin# (increases with energy of bin, with 8bpd energy bins)
# Column 3: number of observed photons, N_O_ij
# Column 4: exposure = average effective area (A_eff) multiplied by observation time (T_obs)
###########################################################
1	1	75	640000000000
1	2	56	640000000000
1	3	29	640000000000
1	4	21	640000000000
1	5	10	640000000000
1	6	6	640000000000
1	7	6	640000000000
1	8	3	640000000000
1	9	2	640000000000
1	10	4	640000000000
1	11	1	640000000000
1	12	1	640000000000
1	13	1	640000000000
1	14	0	640000000000
1	15	1	640000000000
1	16	0	640000000000
2	1	59	548000000000
2	2	35	548000000000
2	3	30	548000000000
2	4	13	548000000000
2	5	6	548000000000
2	6	10	548000000000
2	7	6	548000000000
2	8	3	548000000000
2	9	2	548000000000
2	10	1	548000000000
2	11	0	548000000000
2	12	1	548000000000
2	13	0	548000000000
2	14	1	548000000000
2	15	0	548000000000
2	16	0	548000000000
3	1	53	601000000000
3	2	44	601000000000
3	3	36	601000000000
3	4	23	601000000000
3	5	14	601000000000
3	6	9	601000000000
3	7	6	601000000000
3	8	4	601000000000
3	9	3	601000000000
3	10	1	601000000000
3	11	2	601000000000
3	12	1	601000000000
3	13	0	601000000000
3	14	0	601000000000
3	15	0	601000000000
3	16	0	601000000000
4	1	51	634000000000
4	2	24	634000000000
4	3	20	634000000000
4	4	15	634000000000
4	5	5	634000000000
4	6	7	634000000000
4	7	5	634000000000
4	8	3	634000000000
4	9	4	634000000000
4	10	4	634000000000
4	11	1	634000000000
4	12	0	634000000000
4	13	1	634000000000
4	14	0	634000000000
4	15	0	634000000000
4	16	1	634000000000
5	1	40	610000000000
5	2	27	610000000000
5	3	9	610000000000
5	4	14	610000000000
5	5	4	610000000000
5	6	1	610000000000
5	7	2	610000000000
5	8	3	610000000000
5	9	0	610000000000
5	10	0	610000000000
5	11	0	610000000000
5	12	0	610000000000
5	13	0	610000000000
5	14	1	610000000000
5	15	0	610000000000
5	16	0	610000000000
6	1	40	604000000000
6	2	27	604000000000
6	3	19	604000000000
6	4	10	604000000000
6	5	9	604000000000
6	6	2	604000000000
6	7	4	604000000000
6	8	4	604000000000
6	9	0	604000000000
6	10	2	604000000000
6	11	1	604000000000
6	12	1	604000000000
6	13	0	604000000000
6	14	1	604000000000
6	15	0	604000000000
6	16	1	604000000000
7	1	185	652000000000
7	2	133	652000000000
7	3	85	652000000000
7	4	48	652000000000
7	5	30	652000000000
7	6	26	652000000000
7	7	16	652000000000
7	8	14	652000000000
7	9	8	652000000000
7	10	5	652000000000
7	11	2	652000000000
7	12	4	652000000000
7	13	2	652000000000
7	14	3	652000000000
7	15	2	652000000000
7	16	0	652000000000
8	1	77	747000000000
8	2	56	747000000000
8	3	39	747000000000
8	4	31	747000000000
8	5	10	747000000000
8	6	10	747000000000
8	7	7	747000000000
8	8	6	747000000000
8	9	2	747000000000
8	10	1	747000000000
8	11	1	747000000000
8	12	3	747000000000
8	13	0	747000000000
8	14	0	747000000000
8	15	0	747000000000
8	16	1	747000000000
9	1	150	592000000000
9	2	94	592000000000
9	3	51	592000000000
9	4	53	592000000000
9	5	49	592000000000
9	6	27	592000000000
9	7	12	592000000000
9	8	16	592000000000
9	9	6	592000000000
9	10	0	592000000000
9	11	2	592000000000
9	12	1	592000000000
9	13	0	592000000000
9	14	0	592000000000
9	15	0	592000000000
9	16	0	592000000000
10	1	153	670000000000
10	2	109	670000000000
10	3	58	670000000000
10	4	51	670000000000
10	5	40	670000000000
10	6	24	670000000000
10	7	9	670000000000
10	8	19	670000000000
10	9	2	670000000000
10	10	1	670000000000
10	11	2	670000000000
10	12	2	670000000000
10	13	1	670000000000
10	14	0	670000000000
10	15	0	670000000000
10	16	0	670000000000
11	1	42	666000000000
11	2	37	666000000000
11	3	17	666000000000
11	4	12	666000000000
11	5	8	666000000000
11	6	5	666000000000
11	7	4	666000000000
11	8	0	666000000000
11	9	2	666000000000
11	10	2	666000000000
11	11	2	666000000000
11	12	0	666000000000
11	13	2	666000000000
11	14	0	666000000000
11	15	0	666000000000
11	16	0	666000000000
12	1	25	629000000000
12	2	34	629000000000
12	3	13	629000000000
12	4	15	629000000000
12	5	7	629000000000
12	6	5	629000000000
12	7	3	629000000000
12	8	4	629000000000
12	9	3	629000000000
12	10	1	629000000000
12	11	0	629000000000
12	12	0	629000000000
12	13	0	629000000000
12	14	0	629000000000
12	15	0	629000000000
12	16	0	629000000000
13	1	54	702000000000
13	2	50	702000000000
13	3	28	702000000000
13	4	10	702000000000
13	5	12	702000000000
13	6	6	702000000000
13	7	5	702000000000
13	8	3	702000000000
13	9	3	702000000000
13	10	3	702000000000
13	11	0	702000000000
13	12	0	702000000000
13	13	0	702000000000
13	14	0	702000000000
13	15	0	702000000000
13	16	0	702000000000
14	1	72	738000000000
14	2	44	738000000000
14	3	26	738000000000
14	4	17	738000000000
14	5	7	738000000000
14	6	10	738000000000
14	7	3	738000000000
14	8	2	738000000000
14	9	3	738000000000
14	10	0	738000000000
14	11	1	738000000000
14	12	3	738000000000
14	13	0	738000000000
14	14	1	738000000000
14	15	0	738000000000
14	16	0	738000000000
15	1	67	737000000000
15	2	42	737000000000
15	3	28	737000000000
15	4	17	737000000000
15	5	16	737000000000
15	6	8	737000000000
15	7	5	737000000000
15	8	2	737000000000
15	9	3	737000000000
15	10	1	737000000000
15	11	1	737000000000
15	12	2	737000000000
15	13	0	737000000000
15	14	0	737000000000
15	15	0	737000000000
15	16	0	737000000000
16	1	79	627000000000
16	2	49	627000000000
16	3	41	627000000000
16	4	22	627000000000
16	5	17	627000000000
16	6	9	627000000000
16	7	4	627000000000
16	8	2	627000000000
16	9	1	627000000000
16	10	2	627000000000
16	11	0	627000000000
16	12	1	627000000000
16	13	1	627000000000
16	14	1	627000000000
16	15	0	627000000000
16	16	0	627000000000
17	1	74	573000000000
17	2	47	573000000000
17	3	31	573000000000
17	4	19	573000000000
17	5	13	573000000000
17	6	14	573000000000
17	7	10	573000000000
17	8	2	573000000000
17	9	7	573000000000
17	10	2	573000000000
17	11	2	573000000000
17	12	1	573000000000
17	13	1	573000000000
17	14	0	573000000000
17	15	3	573000000000
17	16	0	573000000000
18	1	38	561000000000
18	2	17	561000000000
18	3	9	561000000000
18	4	5	561000000000
18	5	11	561000000000
18	6	9	561000000000
18	7	6	561000000000
18	8	1	561000000000
18	9	5	561000000000
18	10	1	561000000000
18	11	1	561000000000
18	12	1	561000000000
18	13	0	561000000000
18	14	0	561000000000
18	15	0	561000000000
18	16	1	561000000000
19	1	67	631000000000
19	2	38	631000000000
19	3	19	631000000000
19	4	12	631000000000
19	5	14	631000000000
19	6	7	631000000000
19	7	8	631000000000
19	8	2	631000000000
19	9	3	631000000000
19	10	1	631000000000
19	11	0	631000000000
19	12	0	631000000000
19	13	0	631000000000
19	14	0	631000000000
19	15	0	631000000000
19	16	0	631000000000
20	1	44	620000000000
20	2	48	620000000000
20	3	23	620000000000
20	4	15	620000000000
20	5	10	620000000000
20	6	8	620000000000
20	7	5	620000000000
20	8	5	620000000000
20	9	2	620000000000
20	10	0	620000000000
20	11	1	620000000000
20	12	1	620000000000
20	13	0	620000000000
20	14	0	620000000000
20	15	0	620000000000
20	16	0	620000000000
21	1	50	572000000000
21	2	30	572000000000
21	3	26	572000000000
21	4	15	572000000000
21	5	3	572000000000
21	6	11	572000000000
21	7	3	572000000000
21	8	4	572000000000
21	9	0	572000000000
21	10	0	572000000000
21	11	4	572000000000
21	12	0	572000000000
21	13	0	572000000000
21	14	1	572000000000
21	15	2	572000000000
21	16	0	572000000000
22	1	55	595000000000
22	2	41	595000000000
22	3	36	595000000000
22	4	28	595000000000
22	5	13	595000000000
22	6	11	595000000000
22	7	6	595000000000
22	8	4	595000000000
22	9	2	595000000000
22	10	3	595000000000
22	11	2	595000000000
22	12	3	595000000000
22	13	1	595000000000
22	14	0	595000000000
22	15	1	595000000000
22	16	1	595000000000
23	1	105	740000000000
23	2	61	740000000000
23	3	57	740000000000
23	4	45	740000000000
23	5	21	740000000000
23	6	13	740000000000
23	7	9	740000000000
23	8	4	740000000000
23	9	4	740000000000
23	10	2	740000000000
23	11	1	740000000000
23	12	0	740000000000
23	13	0	740000000000
23	14	1	740000000000
23	15	0	740000000000
23	16	0	740000000000
24	1	66	697000000000
24	2	56	697000000000
24	3	48	697000000000
24	4	16	697000000000
24	5	25	697000000000
24	6	7	697000000000
24	7	5	697000000000
24	8	3	697000000000
24	9	1	697000000000
24	10	1	697000000000
24	11	2	697000000000
24	12	2	697000000000
24	13	0	697000000000
24	14	0	697000000000
24	15	0	697000000000
24	16	0	697000000000
25	1	58	680000000000
25	2	37	680000000000
25	3	22	680000000000
25	4	14	680000000000
25	5	7	680000000000
25	6	8	680000000000
25	7	4	680000000000
25	8	5	680000000000
25	9	3	680000000000
25	10	0	680000000000
25	11	1	680000000000
25	12	0	680000000000
25	13	1	680000000000
25	14	0	680000000000
25	15	0	680000000000
25	16	0	680000000000
26	1	85	634000000000
26	2	51	634000000000
26	3	39	634000000000
26	4	29	634000000000
26	5	15	634000000000
26	6	9	634000000000
26	7	3	634000000000
26	8	4	634000000000
26	9	1	634000000000
26	10	3	634000000000
26	11	1	634000000000
26	12	1	634000000000
26	13	0	634000000000
26	14	0	634000000000
26	15	0	634000000000
26	16	0	634000000000
27	1	114	646000000000
27	2	78	646000000000
27	3	52	646000000000
27	4	47	646000000000
27	5	36	646000000000
27	6	20	646000000000
27	7	11	646000000000
27	8	10	646000000000
27	9	7	646000000000
27	10	5	646000000000
27	11	2	646000000000
27	12	4	646000000000
27	13	1	646000000000
27	14	1	646000000000
27	15	0	646000000000
27	16	0	646000000000
28	1	86	646000000000
28	2	65	646000000000
28	3	45	646000000000
28	4	44	646000000000
28	5	27	646000000000
28	6	23	646000000000
28	7	14	646000000000
28	8	12	646000000000
28	9	5	646000000000
28	10	8	646000000000
28	11	5	646000000000
28	12	5	646000000000
28	13	4	646000000000
28	14	3	646000000000
28	15	0	646000000000
28	16	2	646000000000
29	1	76	751000000000
29	2	69	751000000000
29	3	34	751000000000
29	4	25	751000000000
29	5	23	751000000000
29	6	16	751000000000
29	7	17	751000000000
29	8	5	751000000000
29	9	4	751000000000
29	10	0	751000000000
29	11	2	751000000000
29	12	1	751000000000
29	13	2	751000000000
29	14	0	751000000000
29	15	0	751000000000
29	16	1	751000000000
30	1	111	752000000000
30	2	90	752000000000
30	3	64	752000000000
30	4	29	752000000000
30	5	21	752000000000
30	6	21	752000000000
30	7	7	752000000000
30	8	6	752000000000
30	9	4	752000000000
30	10	1	752000000000
30	11	1	752000000000
30	12	0	752000000000
30	13	2	752000000000
30	14	0	752000000000
30	15	0	752000000000
30	16	0	752000000000
31	1	58	565000000000
31	2	36	565000000000
31	3	30	565000000000
31	4	20	565000000000
31	5	12	565000000000
31	6	7	565000000000
31	7	7	565000000000
31	8	5	565000000000
31	9	0	565000000000
31	10	0	565000000000
31	11	0	565000000000
31	12	0	565000000000
31	13	1	565000000000
31	14	0	565000000000
31	15	0	565000000000
31	16	0	565000000000
32	1	34	565000000000
32	2	32	565000000000
32	3	19	565000000000
32	4	14	565000000000
32	5	5	565000000000
32	6	5	565000000000
32	7	2	565000000000
32	8	2	565000000000
32	9	1	565000000000
32	10	0	565000000000
32	11	2	565000000000
32	12	0	565000000000
32	13	0	565000000000
32	14	0	565000000000
32	15	0	565000000000
32	16	1	565000000000
33	1	65	867000000000
33	2	39	867000000000
33	3	15	867000000000
33	4	15	867000000000
33	5	12	867000000000
33	6	11	867000000000
33	7	4	867000000000
33	8	4	867000000000
33	9	1	867000000000
33	10	1	867000000000
33	11	1	867000000000
33	12	0	867000000000
33	13	0	867000000000
33	14	0	867000000000
33	15	0	867000000000
33	16	0	867000000000
34	1	47	906000000000
34	2	38	906000000000
34	3	24	906000000000
34	4	20	906000000000
34	5	11	906000000000
34	6	7	906000000000
34	7	8	906000000000
34	8	1	906000000000
34	9	4	906000000000
34	10	1	906000000000
34	11	2	906000000000
34	12	0	906000000000
34	13	0	906000000000
34	14	0	906000000000
34	15	0	906000000000
34	16	0	906000000000
35	1	59	666000000000
35	2	45	666000000000
35	3	28	666000000000
35	4	15	666000000000
35	5	12	666000000000
35	6	5	666000000000
35	7	4	666000000000
35	8	3	666000000000
35	9	5	666000000000
35	10	1	666000000000
35	11	0	666000000000
35	12	0	666000000000
35	13	1	666000000000
35	14	0	666000000000
35	15	0	666000000000
35	16	1	666000000000
36	1	73	684000000000
36	2	55	684000000000
36	3	35	684000000000
36	4	30	684000000000
36	5	10	684000000000
36	6	8	684000000000
36	7	6	684000000000
36	8	2	684000000000
36	9	2	684000000000
36	10	5	684000000000
36	11	1	684000000000
36	12	0	684000000000
36	13	0	684000000000
36	14	0	684000000000
36	15	0	684000000000
36	16	0	684000000000
37	1	36	579000000000
37	2	28	579000000000
37	3	16	579000000000
37	4	8	579000000000
37	5	9	579000000000
37	6	9	579000000000
37	7	6	579000000000
37	8	3	579000000000
37	9	2	579000000000
37	10	2	579000000000
37	11	1	579000000000
37	12	0	579000000000
37	13	1	579000000000
37	14	1	579000000000
37	15	0	579000000000
37	16	0	579000000000
38	1	49	630000000000
38	2	26	630000000000
38	3	23	630000000000
38	4	19	630000000000
38	5	21	630000000000
38	6	9	630000000000
38	7	6	630000000000
38	8	5	630000000000
38	9	0	630000000000
38	10	0	630000000000
38	11	0	630000000000
38	12	1	630000000000
38	13	0	630000000000
38	14	0	630000000000
38	15	0	630000000000
38	16	1	630000000000
39	1	132	744000000000
39	2	100	744000000000
39	3	63	744000000000
39	4	40	744000000000
39	5	26	744000000000
39	6	18	744000000000
39	7	5	744000000000
39	8	5	744000000000
39	9	5	744000000000
39	10	1	744000000000
39	11	3	744000000000
39	12	0	744000000000
39	13	0	744000000000
39	14	0	744000000000
39	15	0	744000000000
39	16	0	744000000000
40	1	68	635000000000
40	2	44	635000000000
40	3	30	635000000000
40	4	14	635000000000
40	5	13	635000000000
40	6	8	635000000000
40	7	2	635000000000
40	8	3	635000000000
40	9	2	635000000000
40	10	1	635000000000
40	11	1	635000000000
40	12	1	635000000000
40	13	1	635000000000
40	14	0	635000000000
40	15	1	635000000000
40	16	1	635000000000
41	1	47	620000000000
41	2	34	620000000000
41	3	32	620000000000
41	4	20	620000000000
41	5	17	620000000000
41	6	7	620000000000
41	7	7	620000000000
41	8	6	620000000000
41	9	2	620000000000
41	10	1	620000000000
41	11	3	620000000000
41	12	1	620000000000
41	13	0	620000000000
41	14	0	620000000000
41	15	1	620000000000
41	16	0	620000000000
42	1	76	638000000000
42	2	40	638000000000
42	3	37	638000000000
42	4	27	638000000000
42	5	13	638000000000
42	6	7	638000000000
42	7	10	638000000000
42	8	2	638000000000
42	9	5	638000000000
42	10	4	638000000000
42	11	2	638000000000
42	12	4	638000000000
42	13	1	638000000000
42	14	0	638000000000
42	15	0	638000000000
42	16	0	638000000000
43	1	218	701000000000
43	2	152	701000000000
43	3	125	701000000000
43	4	86	701000000000
43	5	67	701000000000
43	6	40	701000000000
43	7	34	701000000000
43	8	16	701000000000
43	9	14	701000000000
43	10	9	701000000000
43	11	6	701000000000
43	12	2	701000000000
43	13	3	701000000000
43	14	1	701000000000
43	15	2	701000000000
43	16	2	701000000000
44	1	112	684000000000
44	2	93	684000000000
44	3	59	684000000000
44	4	33	684000000000
44	5	27	684000000000
44	6	22	684000000000
44	7	15	684000000000
44	8	7	684000000000
44	9	5	684000000000
44	10	3	684000000000
44	11	1	684000000000
44	12	1	684000000000
44	13	1	684000000000
44	14	1	684000000000
44	15	0	684000000000
44	16	0	684000000000
45	1	45	562000000000
45	2	32	562000000000
45	3	20	562000000000
45	4	25	562000000000
45	5	16	562000000000
45	6	7	562000000000
45	7	7	562000000000
45	8	3	562000000000
45	9	2	562000000000
45	10	0	562000000000
45	11	0	562000000000
45	12	0	562000000000
45	13	0	562000000000
45	14	0	562000000000
45	15	0	562000000000
45	16	0	562000000000
46	1	69	604000000000
46	2	40	604000000000
46	3	23	604000000000
46	4	16	604000000000
46	5	9	604000000000
46	6	10	604000000000
46	7	9	604000000000
46	8	0	604000000000
46	9	2	604000000000
46	10	2	604000000000
46	11	0	604000000000
46	12	0	604000000000
46	13	0	604000000000
46	14	0	604000000000
46	15	0	604000000000
46	16	0	604000000000
47	1	107	700000000000
47	2	70	700000000000
47	3	48	700000000000
47	4	39	700000000000
47	5	34	700000000000
47	6	13	700000000000
47	7	11	700000000000
47	8	7	700000000000
47	9	4	700000000000
47	10	1	700000000000
47	11	1	700000000000
47	12	3	700000000000
47	13	0	700000000000
47	14	0	700000000000
47	15	0	700000000000
47	16	0	700000000000
48	1	64	623000000000
48	2	43	623000000000
48	3	26	623000000000
48	4	17	623000000000
48	5	9	623000000000
48	6	7	623000000000
48	7	3	623000000000
48	8	3	623000000000
48	9	1	623000000000
48	10	3	623000000000
48	11	1	623000000000
48	12	2	623000000000
48	13	0	623000000000
48	14	0	623000000000
48	15	0	623000000000
48	16	0	623000000000
49	1	93	573000000000
49	2	46	573000000000
49	3	54	573000000000
49	4	24	573000000000
49	5	12	573000000000
49	6	12	573000000000
49	7	10	573000000000
49	8	6	573000000000
49	9	6	573000000000
49	10	4	573000000000
49	11	3	573000000000
49	12	0	573000000000
49	13	0	573000000000
49	14	1	573000000000
49	15	0	573000000000
49	16	1	573000000000
50	1	64	640000000000
50	2	35	640000000000
50	3	28	640000000000
50	4	20	640000000000
50	5	16	640000000000
50	6	9	640000000000
50	7	6	640000000000
50	8	2	640000000000
50	9	1	640000000000
50	10	1	640000000000
50	11	1	640000000000
50	12	1	640000000000
50	13	0	640000000000
50	14	0	640000000000
50	15	0	640000000000
50	16	1	640000000000
51	1	60	600000000000
51	2	26	600000000000
51	3	39	600000000000
51	4	16	600000000000
51	5	13	600000000000
51	6	7	600000000000
51	7	9	600000000000
51	8	4	600000000000
51	9	2	600000000000
51	10	1	600000000000
51	11	1	600000000000
51	12	0	600000000000
51	13	0	600000000000
51	14	0	600000000000
51	15	0	600000000000
51	16	0	600000000000
52	1	45	578000000000
52	2	43	578000000000
52	3	23	578000000000
52	4	21	578000000000
52	5	10	578000000000
52	6	6	578000000000
52	7	7	578000000000
52	8	4	578000000000
52	9	0	578000000000
52	10	1	578000000000
52	11	4	578000000000
52	12	0	578000000000
52	13	1	578000000000
52	14	1	578000000000
52	15	0	578000000000
52	16	0	578000000000
53	1	55	610000000000
53	2	34	610000000000
53	3	29	610000000000
53	4	10	610000000000
53	5	7	610000000000
53	6	8	610000000000
53	7	6	610000000000
53	8	6	610000000000
53	9	2	610000000000
53	10	1	610000000000
53	11	0	610000000000
53	12	0	610000000000
53	13	1	610000000000
53	14	0	610000000000
53	15	0	610000000000
53	16	1	610000000000
54	1	38	558000000000
54	2	39	558000000000
54	3	27	558000000000
54	4	15	558000000000
54	5	10	558000000000
54	6	5	558000000000
54	7	5	558000000000
54	8	1	558000000000
54	9	3	558000000000
54	10	3	558000000000
54	11	1	558000000000
54	12	0	558000000000
54	13	0	558000000000
54	14	1	558000000000
54	15	1	558000000000
54	16	0	558000000000
55	1	90	618000000000
55	2	70	618000000000
55	3	44	618000000000
55	4	34	618000000000
55	5	25	618000000000
55	6	23	618000000000
55	7	9	618000000000
55	8	4	618000000000
55	9	8	618000000000
55	10	2	618000000000
55	11	1	618000000000
55	12	1	618000000000
55	13	0	618000000000
55	14	1	618000000000
55	15	0	618000000000
55	16	0	618000000000
56	1	50	574000000000
56	2	35	574000000000
56	3	24	574000000000
56	4	20	574000000000
56	5	15	574000000000
56	6	9	574000000000
56	7	8	574000000000
56	8	9	574000000000
56	9	1	574000000000
56	10	6	574000000000
56	11	2	574000000000
56	12	1	574000000000
56	13	0	574000000000
56	14	1	574000000000
56	15	1	574000000000
56	16	0	574000000000
57	1	50	603000000000
57	2	46	603000000000
57	3	26	603000000000
57	4	19	603000000000
57	5	6	603000000000
57	6	5	603000000000
57	7	6	603000000000
57	8	2	603000000000
57	9	2	603000000000
57	10	0	603000000000
57	11	2	603000000000
57	12	1	603000000000
57	13	0	603000000000
57	14	1	603000000000
57	15	0	603000000000
57	16	0	603000000000
58	1	55	552000000000
58	2	31	552000000000
58	3	23	552000000000
58	4	14	552000000000
58	5	16	552000000000
58	6	6	552000000000
58	7	5	552000000000
58	8	5	552000000000
58	9	3	552000000000
58	10	2	552000000000
58	11	1	552000000000
58	12	1	552000000000
58	13	2	552000000000
58	14	0	552000000000
58	15	0	552000000000
58	16	0	552000000000
59	1	171	624000000000
59	2	97	624000000000
59	3	70	624000000000
59	4	55	624000000000
59	5	34	624000000000
59	6	22	624000000000
59	7	17	624000000000
59	8	7	624000000000
59	9	5	624000000000
59	10	5	624000000000
59	11	2	624000000000
59	12	2	624000000000
59	13	1	624000000000
59	14	0	624000000000
59	15	0	624000000000
59	16	0	624000000000
60	1	52	587000000000
60	2	45	587000000000
60	3	32	587000000000
60	4	24	587000000000
60	5	10	587000000000
60	6	9	587000000000
60	7	6	587000000000
60	8	3	587000000000
60	9	5	587000000000
60	10	2	587000000000
60	11	0	587000000000
60	12	1	587000000000
60	13	2	587000000000
60	14	1	587000000000
60	15	0	587000000000
60	16	0	587000000000
61	1	142	554000000000
61	2	90	554000000000
61	3	54	554000000000
61	4	44	554000000000
61	5	22	554000000000
61	6	12	554000000000
61	7	10	554000000000
61	8	10	554000000000
61	9	5	554000000000
61	10	5	554000000000
61	11	3	554000000000
61	12	1	554000000000
61	13	2	554000000000
61	14	0	554000000000
61	15	1	554000000000
61	16	0	554000000000
62	1	66	914000000000
62	2	38	914000000000
62	3	23	914000000000
62	4	24	914000000000
62	5	9	914000000000
62	6	9	914000000000
62	7	2	914000000000
62	8	3	914000000000
62	9	1	914000000000
62	10	0	914000000000
62	11	1	914000000000
62	12	1	914000000000
62	13	0	914000000000
62	14	0	914000000000
62	15	0	914000000000
62	16	0	914000000000
63	1	41	566000000000
63	2	38	566000000000
63	3	17	566000000000
63	4	15	566000000000
63	5	8	566000000000
63	6	10	566000000000
63	7	0	566000000000
63	8	2	566000000000
63	9	0	566000000000
63	10	1	566000000000
63	11	0	566000000000
63	12	0	566000000000
63	13	1	566000000000
63	14	0	566000000000
63	15	1	566000000000
63	16	0	566000000000
64	1	129	649000000000
64	2	65	649000000000
64	3	61	649000000000
64	4	41	649000000000
64	5	28	649000000000
64	6	21	649000000000
64	7	12	649000000000
64	8	8	649000000000
64	9	4	649000000000
64	10	3	649000000000
64	11	0	649000000000
64	12	1	649000000000
64	13	0	649000000000
64	14	0	649000000000
64	15	0	649000000000
64	16	0	649000000000
65	1	145	666000000000
65	2	87	666000000000
65	3	61	666000000000
65	4	54	666000000000
65	5	30	666000000000
65	6	22	666000000000
65	7	12	666000000000
65	8	9	666000000000
65	9	3	666000000000
65	10	3	666000000000
65	11	1	666000000000
65	12	1	666000000000
65	13	2	666000000000
65	14	1	666000000000
65	15	0	666000000000
65	16	0	666000000000
66	1	73	696000000000
66	2	38	696000000000
66	3	29	696000000000
66	4	15	696000000000
66	5	16	696000000000
66	6	6	696000000000
66	7	3	696000000000
66	8	3	696000000000
66	9	2	696000000000
66	10	3	696000000000
66	11	0	696000000000
66	12	2	696000000000
66	13	0	696000000000
66	14	0	696000000000
66	15	1	696000000000
66	16	0	696000000000
67	1	105	746000000000
67	2	81	746000000000
67	3	48	746000000000
67	4	30	746000000000
67	5	24	746000000000
67	6	20	746000000000
67	7	16	746000000000
67	8	3	746000000000
67	9	4	746000000000
67	10	5	746000000000
67	11	3	746000000000
67	12	1	746000000000
67	13	2	746000000000
67	14	0	746000000000
67	15	2	746000000000
67	16	0	746000000000
68	1	63	564000000000
68	2	51	564000000000
68	3	41	564000000000
68	4	21	564000000000
68	5	13	564000000000
68	6	11	564000000000
68	7	6	564000000000
68	8	6	564000000000
68	9	3	564000000000
68	10	3	564000000000
68	11	0	564000000000
68	12	1	564000000000
68	13	0	564000000000
68	14	0	564000000000
68	15	0	564000000000
68	16	0	564000000000
69	1	76	599000000000
69	2	45	599000000000
69	3	37	599000000000
69	4	19	599000000000
69	5	17	599000000000
69	6	7	599000000000
69	7	8	599000000000
69	8	9	599000000000
69	9	2	599000000000
69	10	0	599000000000
69	11	1	599000000000
69	12	1	599000000000
69	13	0	599000000000
69	14	1	599000000000
69	15	0	599000000000
69	16	0	599000000000
70	1	36	707000000000
70	2	22	707000000000
70	3	16	707000000000
70	4	10	707000000000
70	5	10	707000000000
70	6	12	707000000000
70	7	4	707000000000
70	8	3	707000000000
70	9	4	707000000000
70	10	1	707000000000
70	11	0	707000000000
70	12	2	707000000000
70	13	0	707000000000
70	14	0	707000000000
70	15	0	707000000000
70	16	1	707000000000
71	1	69	740000000000
71	2	57	740000000000
71	3	29	740000000000
71	4	31	740000000000
71	5	22	740000000000
71	6	12	740000000000
71	7	10	740000000000
71	8	7	740000000000
71	9	5	740000000000
71	10	3	740000000000
71	11	1	740000000000
71	12	1	740000000000
71	13	0	740000000000
71	14	0	740000000000
71	15	0	740000000000
71	16	0	740000000000
72	1	85	603000000000
72	2	53	603000000000
72	3	39	603000000000
72	4	31	603000000000
72	5	21	603000000000
72	6	13	603000000000
72	7	6	603000000000
72	8	5	603000000000
72	9	4	603000000000
72	10	2	603000000000
72	11	3	603000000000
72	12	1	603000000000
72	13	0	603000000000
72	14	0	603000000000
72	15	0	603000000000
72	16	0	603000000000
73	1	81	590000000000
73	2	51	590000000000
73	3	40	590000000000
73	4	33	590000000000
73	5	13	590000000000
73	6	6	590000000000
73	7	6	590000000000
73	8	3	590000000000
73	9	6	590000000000
73	10	1	590000000000
73	11	0	590000000000
73	12	1	590000000000
73	13	1	590000000000
73	14	0	590000000000
73	15	0	590000000000
73	16	0	590000000000
74	1	40	606000000000
74	2	32	606000000000
74	3	17	606000000000
74	4	15	606000000000
74	5	11	606000000000
74	6	8	606000000000
74	7	2	606000000000
74	8	2	606000000000
74	9	1	606000000000
74	10	0	606000000000
74	11	1	606000000000
74	12	0	606000000000
74	13	0	606000000000
74	14	0	606000000000
74	15	1	606000000000
74	16	0	606000000000
75	1	42	584000000000
75	2	21	584000000000
75	3	14	584000000000
75	4	13	584000000000
75	5	8	584000000000
75	6	6	584000000000
75	7	5	584000000000
75	8	1	584000000000
75	9	1	584000000000
75	10	0	584000000000
75	11	0	584000000000
75	12	2	584000000000
75	13	2	584000000000
75	14	0	584000000000
75	15	0	584000000000
75	16	0	584000000000
76	1	81	602000000000
76	2	79	602000000000
76	3	47	602000000000
76	4	30	602000000000
76	5	19	602000000000
76	6	12	602000000000
76	7	8	602000000000
76	8	3	602000000000
76	9	3	602000000000
76	10	4	602000000000
76	11	1	602000000000
76	12	1	602000000000
76	13	0	602000000000
76	14	0	602000000000
76	15	1	602000000000
76	16	0	602000000000
77	1	103	629000000000
77	2	74	629000000000
77	3	47	629000000000
77	4	26	629000000000
77	5	17	629000000000
77	6	17	629000000000
77	7	5	629000000000
77	8	5	629000000000
77	9	4	629000000000
77	10	1	629000000000
77	11	1	629000000000
77	12	2	629000000000
77	13	1	629000000000
77	14	0	629000000000
77	15	1	629000000000
77	16	0	629000000000
78	1	57	555000000000
78	2	48	555000000000
78	3	36	555000000000
78	4	19	555000000000
78	5	11	555000000000
78	6	9	555000000000
78	7	5	555000000000
78	8	4	555000000000
78	9	0	555000000000
78	10	2	555000000000
78	11	0	555000000000
78	12	0	555000000000
78	13	2	555000000000
78	14	0	555000000000
78	15	1	555000000000
78	16	0	555000000000
79	1	179	702000000000
79	2	128	702000000000
79	3	107	702000000000
79	4	64	702000000000
79	5	46	702000000000
79	6	23	702000000000
79	7	18	702000000000
79	8	7	702000000000
79	9	3	702000000000
79	10	2	702000000000
79	11	1	702000000000
79	12	2	702000000000
79	13	1	702000000000
79	14	0	702000000000
79	15	0	702000000000
79	16	0	702000000000
80	1	85	752000000000
80	2	65	752000000000
80	3	28	752000000000
80	4	26	752000000000
80	5	19	752000000000
80	6	12	752000000000
80	7	2	752000000000
80	8	3	752000000000
80	9	4	752000000000
80	10	3	752000000000
80	11	2	752000000000
80	12	2	752000000000
80	13	0	752000000000
80	14	2	752000000000
80	15	0	752000000000
80	16	0	752000000000
81	1	69	653000000000
81	2	45	653000000000
81	3	21	653000000000
81	4	16	653000000000
81	5	12	653000000000
81	6	11	653000000000
81	7	4	653000000000
81	8	5	653000000000
81	9	2	653000000000
81	10	3	653000000000
81	11	2	653000000000
81	12	0	653000000000
81	13	0	653000000000
81	14	0	653000000000
81	15	0	653000000000
81	16	0	653000000000
82	1	68	687000000000
82	2	25	687000000000
82	3	27	687000000000
82	4	18	687000000000
82	5	15	687000000000
82	6	13	687000000000
82	7	7	687000000000
82	8	4	687000000000
82	9	0	687000000000
82	10	1	687000000000
82	11	0	687000000000
82	12	0	687000000000
82	13	1	687000000000
82	14	0	687000000000
82	15	0	687000000000
82	16	0	687000000000
83	1	48	699000000000
83	2	34	699000000000
83	3	28	699000000000
83	4	11	699000000000
83	5	10	699000000000
83	6	12	699000000000
83	7	2	699000000000
83	8	0	699000000000
83	9	1	699000000000
83	10	1	699000000000
83	11	1	699000000000
83	12	1	699000000000
83	13	1	699000000000
83	14	2	699000000000
83	15	0	699000000000
83	16	0	699000000000
84	1	62	705000000000
84	2	40	705000000000
84	3	35	705000000000
84	4	15	705000000000
84	5	19	705000000000
84	6	12	705000000000
84	7	2	705000000000
84	8	0	705000000000
84	9	1	705000000000
84	10	2	705000000000
84	11	2	705000000000
84	12	2	705000000000
84	13	1	705000000000
84	14	0	705000000000
84	15	1	705000000000
84	16	0	705000000000
85	1	64	711000000000
85	2	45	711000000000
85	3	25	711000000000
85	4	20	711000000000
85	5	14	711000000000
85	6	7	711000000000
85	7	5	711000000000
85	8	2	711000000000
85	9	1	711000000000
85	10	4	711000000000
85	11	1	711000000000
85	12	0	711000000000
85	13	0	711000000000
85	14	0	711000000000
85	15	1	711000000000
85	16	0	711000000000
86	1	93	741000000000
86	2	51	741000000000
86	3	43	741000000000
86	4	26	741000000000
86	5	18	741000000000
86	6	11	741000000000
86	7	7	741000000000
86	8	2	741000000000
86	9	2	741000000000
86	10	6	741000000000
86	11	1	741000000000
86	12	2	741000000000
86	13	1	741000000000
86	14	1	741000000000
86	15	0	741000000000
86	16	1	741000000000
87	1	212	852000000000
87	2	143	852000000000
87	3	87	852000000000
87	4	60	852000000000
87	5	40	852000000000
87	6	24	852000000000
87	7	16	852000000000
87	8	14	852000000000
87	9	4	852000000000
87	10	5	852000000000
87	11	3	852000000000
87	12	3	852000000000
87	13	2	852000000000
87	14	0	852000000000
87	15	0	852000000000
87	16	1	852000000000
88	1	238	916000000000
88	2	190	916000000000
88	3	177	916000000000
88	4	119	916000000000
88	5	94	916000000000
88	6	58	916000000000
88	7	48	916000000000
88	8	37	916000000000
88	9	23	916000000000
88	10	10	916000000000
88	11	9	916000000000
88	12	9	916000000000
88	13	8	916000000000
88	14	0	916000000000
88	15	1	916000000000
88	16	0	916000000000
89	1	136	553000000000
89	2	83	553000000000
89	3	66	553000000000
89	4	43	553000000000
89	5	30	553000000000
89	6	22	553000000000
89	7	11	553000000000
89	8	7	553000000000
89	9	9	553000000000
89	10	2	553000000000
89	11	2	553000000000
89	12	2	553000000000
89	13	0	553000000000
89	14	1	553000000000
89	15	1	553000000000
89	16	0	553000000000
90	1	65	597000000000
90	2	56	597000000000
90	3	42	597000000000
90	4	30	597000000000
90	5	11	597000000000
90	6	17	597000000000
90	7	9	597000000000
90	8	5	597000000000
90	9	5	597000000000
90	10	3	597000000000
90	11	0	597000000000
90	12	2	597000000000
90	13	3	597000000000
90	14	0	597000000000
90	15	0	597000000000
90	16	0	597000000000
91	1	82	734000000000
91	2	46	734000000000
91	3	28	734000000000
91	4	18	734000000000
91	5	19	734000000000
91	6	5	734000000000
91	7	5	734000000000
91	8	3	734000000000
91	9	4	734000000000
91	10	0	734000000000
91	11	2	734000000000
91	12	0	734000000000
91	13	0	734000000000
91	14	0	734000000000
91	15	0	734000000000
91	16	0	734000000000
92	1	149	757000000000
92	2	88	757000000000
92	3	68	757000000000
92	4	49	757000000000
92	5	25	757000000000
92	6	20	757000000000
92	7	8	757000000000
92	8	8	757000000000
92	9	8	757000000000
92	10	0	757000000000
92	11	2	757000000000
92	12	0	757000000000
92	13	1	757000000000
92	14	2	757000000000
92	15	0	757000000000
92	16	0	757000000000
