# ############################################################
# # MADHAT (Model-Agnostic Dark Halo Analysis Tool) Fermi NOBS
# # Ref: Atwood et al. [Fermi-LAT] [arXiv:0902.1089]; P. Bruel et al. [Fermi-LAT] [arXiv:1810.11394]
# #
# # Column 1: ID# of the dwarf galaxy
# # Column 2: current energy bin# (increases with energy of bin, with 8bpd energy bins)
# # Column 3: number of observed photons, N_O_ij
# # Column 4: exposure = average effective area (A_eff) multiplied by observation time (T_obs)
# ###########################################################
1	1	75	548000000000
1	2	56	548000000000
1	3	29	548000000000
1	4	21	548000000000
1	5	10	548000000000
1	6	6	548000000000
1	7	6	548000000000
1	8	3	548000000000
1	9	2	548000000000
1	10	4	548000000000
1	11	1	548000000000
1	12	1	548000000000
1	13	1	548000000000
1	14	0	548000000000
1	15	1	548000000000
1	16	0	548000000000
2	1	59	610100000000
2	2	35	610100000000
2	3	30	610100000000
2	4	13	610100000000
2	5	6	610100000000
2	6	10	610100000000
2	7	6	610100000000
2	8	3	610100000000
2	9	2	610100000000
2	10	1	610100000000
2	11	0	610100000000
2	12	1	610100000000
2	13	0	610100000000
2	14	1	610100000000
2	15	0	610100000000
2	16	0	610100000000
3	1	53	604100000000
3	2	44	604100000000
3	3	36	604100000000
3	4	23	604100000000
3	5	14	604100000000
3	6	9	604100000000
3	7	6	604100000000
3	8	4	604100000000
3	9	3	604100000000
3	10	1	604100000000
3	11	2	604100000000
3	12	1	604100000000
3	13	0	604100000000
3	14	0	604100000000
3	15	0	604100000000
3	16	0	604100000000
4	1	51	652300000000
4	2	24	652300000000
4	3	20	652300000000
4	4	15	652300000000
4	5	5	652300000000
4	6	7	652300000000
4	7	5	652300000000
4	8	3	652300000000
4	9	4	652300000000
4	10	4	652300000000
4	11	1	652300000000
4	12	0	652300000000
4	13	1	652300000000
4	14	0	652300000000
4	15	0	652300000000
4	16	1	652300000000
5	1	40	669700000000
5	2	27	669700000000
5	3	9	669700000000
5	4	14	669700000000
5	5	4	669700000000
5	6	1	669700000000
5	7	2	669700000000
5	8	3	669700000000
5	9	0	669700000000
5	10	0	669700000000
5	11	0	669700000000
5	12	0	669700000000
5	13	0	669700000000
5	14	1	669700000000
5	15	0	669700000000
5	16	0	669700000000
6	1	40	665700000000
6	2	27	665700000000
6	3	19	665700000000
6	4	10	665700000000
6	5	9	665700000000
6	6	2	665700000000
6	7	4	665700000000
6	8	4	665700000000
6	9	0	665700000000
6	10	2	665700000000
6	11	1	665700000000
6	12	1	665700000000
6	13	0	665700000000
6	14	1	665700000000
6	15	0	665700000000
6	16	1	665700000000
7	1	185	628800000000
7	2	133	628800000000
7	3	85	628800000000
7	4	48	628800000000
7	5	30	628800000000
7	6	26	628800000000
7	7	16	628800000000
7	8	14	628800000000
7	9	8	628800000000
7	10	5	628800000000
7	11	2	628800000000
7	12	4	628800000000
7	13	2	628800000000
7	14	3	628800000000
7	15	2	628800000000
7	16	0	628800000000
8	1	77	702100000000
8	2	56	702100000000
8	3	39	702100000000
8	4	31	702100000000
8	5	10	702100000000
8	6	10	702100000000
8	7	7	702100000000
8	8	6	702100000000
8	9	2	702100000000
8	10	1	702100000000
8	11	1	702100000000
8	12	3	702100000000
8	13	0	702100000000
8	14	0	702100000000
8	15	0	702100000000
8	16	1	702100000000
9	1	150	737900000000
9	2	94	737900000000
9	3	51	737900000000
9	4	53	737900000000
9	5	49	737900000000
9	6	27	737900000000
9	7	12	737900000000
9	8	16	737900000000
9	9	6	737900000000
9	10	0	737900000000
9	11	2	737900000000
9	12	1	737900000000
9	13	0	737900000000
9	14	0	737900000000
9	15	0	737900000000
9	16	0	737900000000
10	1	153	737400000000
10	2	109	737400000000
10	3	58	737400000000
10	4	51	737400000000
10	5	40	737400000000
10	6	24	737400000000
10	7	9	737400000000
10	8	19	737400000000
10	9	2	737400000000
10	10	1	737400000000
10	11	2	737400000000
10	12	2	737400000000
10	13	1	737400000000
10	14	0	737400000000
10	15	0	737400000000
10	16	0	737400000000
11	1	42	572900000000
11	2	37	572900000000
11	3	17	572900000000
11	4	12	572900000000
11	5	8	572900000000
11	6	5	572900000000
11	7	4	572900000000
11	8	0	572900000000
11	9	2	572900000000
11	10	2	572900000000
11	11	2	572900000000
11	12	0	572900000000
11	13	2	572900000000
11	14	0	572900000000
11	15	0	572900000000
11	16	0	572900000000
12	1	25	560800000000
12	2	34	560800000000
12	3	13	560800000000
12	4	15	560800000000
12	5	7	560800000000
12	6	5	560800000000
12	7	3	560800000000
12	8	4	560800000000
12	9	3	560800000000
12	10	1	560800000000
12	11	0	560800000000
12	12	0	560800000000
12	13	0	560800000000
12	14	0	560800000000
12	15	0	560800000000
12	16	0	560800000000
13	1	54	631200000000
13	2	50	631200000000
13	3	28	631200000000
13	4	10	631200000000
13	5	12	631200000000
13	6	6	631200000000
13	7	5	631200000000
13	8	3	631200000000
13	9	3	631200000000
13	10	3	631200000000
13	11	0	631200000000
13	12	0	631200000000
13	13	0	631200000000
13	14	0	631200000000
13	15	0	631200000000
13	16	0	631200000000
14	1	72	620000000000
14	2	44	620000000000
14	3	26	620000000000
14	4	17	620000000000
14	5	7	620000000000
14	6	10	620000000000
14	7	3	620000000000
14	8	2	620000000000
14	9	3	620000000000
14	10	0	620000000000
14	11	1	620000000000
14	12	3	620000000000
14	13	0	620000000000
14	14	1	620000000000
14	15	0	620000000000
14	16	0	620000000000
15	1	67	572400000000
15	2	42	572400000000
15	3	28	572400000000
15	4	17	572400000000
15	5	16	572400000000
15	6	8	572400000000
15	7	5	572400000000
15	8	2	572400000000
15	9	3	572400000000
15	10	1	572400000000
15	11	1	572400000000
15	12	2	572400000000
15	13	0	572400000000
15	14	0	572400000000
15	15	0	572400000000
15	16	0	572400000000
16	1	79	867100000000
16	2	49	867100000000
16	3	41	867100000000
16	4	22	867100000000
16	5	17	867100000000
16	6	9	867100000000
16	7	4	867100000000
16	8	2	867100000000
16	9	1	867100000000
16	10	2	867100000000
16	11	0	867100000000
16	12	1	867100000000
16	13	1	867100000000
16	14	1	867100000000
16	15	0	867100000000
16	16	0	867100000000
17	1	74	906400000000
17	2	47	906400000000
17	3	31	906400000000
17	4	19	906400000000
17	5	13	906400000000
17	6	14	906400000000
17	7	10	906400000000
17	8	2	906400000000
17	9	7	906400000000
17	10	2	906400000000
17	11	2	906400000000
17	12	1	906400000000
17	13	1	906400000000
17	14	0	906400000000
17	15	3	906400000000
17	16	0	906400000000
18	1	38	666100000000
18	2	17	666100000000
18	3	9	666100000000
18	4	5	666100000000
18	5	11	666100000000
18	6	9	666100000000
18	7	6	666100000000
18	8	1	666100000000
18	9	5	666100000000
18	10	1	666100000000
18	11	1	666100000000
18	12	1	666100000000
18	13	0	666100000000
18	14	0	666100000000
18	15	0	666100000000
18	16	1	666100000000
19	1	67	684000000000
19	2	38	684000000000
19	3	19	684000000000
19	4	12	684000000000
19	5	14	684000000000
19	6	7	684000000000
19	7	8	684000000000
19	8	2	684000000000
19	9	3	684000000000
19	10	1	684000000000
19	11	0	684000000000
19	12	0	684000000000
19	13	0	684000000000
19	14	0	684000000000
19	15	0	684000000000
19	16	0	684000000000
20	1	44	629800000000
20	2	48	629800000000
20	3	23	629800000000
20	4	15	629800000000
20	5	10	629800000000
20	6	8	629800000000
20	7	5	629800000000
20	8	5	629800000000
20	9	2	629800000000
20	10	0	629800000000
20	11	1	629800000000
20	12	1	629800000000
20	13	0	629800000000
20	14	0	629800000000
20	15	0	629800000000
20	16	0	629800000000
21	1	50	635400000000
21	2	30	635400000000
21	3	26	635400000000
21	4	15	635400000000
21	5	3	635400000000
21	6	11	635400000000
21	7	3	635400000000
21	8	4	635400000000
21	9	0	635400000000
21	10	0	635400000000
21	11	4	635400000000
21	12	0	635400000000
21	13	0	635400000000
21	14	1	635400000000
21	15	2	635400000000
21	16	0	635400000000
22	1	55	619700000000
22	2	41	619700000000
22	3	36	619700000000
22	4	28	619700000000
22	5	13	619700000000
22	6	11	619700000000
22	7	6	619700000000
22	8	4	619700000000
22	9	2	619700000000
22	10	3	619700000000
22	11	2	619700000000
22	12	3	619700000000
22	13	1	619700000000
22	14	0	619700000000
22	15	1	619700000000
22	16	1	619700000000
23	1	105	637600000000
23	2	61	637600000000
23	3	57	637600000000
23	4	45	637600000000
23	5	21	637600000000
23	6	13	637600000000
23	7	9	637600000000
23	8	4	637600000000
23	9	4	637600000000
23	10	2	637600000000
23	11	1	637600000000
23	12	0	637600000000
23	13	0	637600000000
23	14	1	637600000000
23	15	0	637600000000
23	16	0	637600000000
24	1	66	700700000000
24	2	56	700700000000
24	3	48	700700000000
24	4	16	700700000000
24	5	25	700700000000
24	6	7	700700000000
24	7	5	700700000000
24	8	3	700700000000
24	9	1	700700000000
24	10	1	700700000000
24	11	2	700700000000
24	12	2	700700000000
24	13	0	700700000000
24	14	0	700700000000
24	15	0	700700000000
24	16	0	700700000000
25	1	58	684000000000
25	2	37	684000000000
25	3	22	684000000000
25	4	14	684000000000
25	5	7	684000000000
25	6	8	684000000000
25	7	4	684000000000
25	8	5	684000000000
25	9	3	684000000000
25	10	0	684000000000
25	11	1	684000000000
25	12	0	684000000000
25	13	1	684000000000
25	14	0	684000000000
25	15	0	684000000000
25	16	0	684000000000
26	1	85	604000000000
26	2	51	604000000000
26	3	39	604000000000
26	4	29	604000000000
26	5	15	604000000000
26	6	9	604000000000
26	7	3	604000000000
26	8	4	604000000000
26	9	1	604000000000
26	10	3	604000000000
26	11	1	604000000000
26	12	1	604000000000
26	13	0	604000000000
26	14	0	604000000000
26	15	0	604000000000
26	16	0	604000000000
27	1	114	700000000000
27	2	78	700000000000
27	3	52	700000000000
27	4	47	700000000000
27	5	36	700000000000
27	6	20	700000000000
27	7	11	700000000000
27	8	10	700000000000
27	9	7	700000000000
27	10	5	700000000000
27	11	2	700000000000
27	12	4	700000000000
27	13	1	700000000000
27	14	1	700000000000
27	15	0	700000000000
27	16	0	700000000000
28	1	86	623400000000
28	2	65	623400000000
28	3	45	623400000000
28	4	44	623400000000
28	5	27	623400000000
28	6	23	623400000000
28	7	14	623400000000
28	8	12	623400000000
28	9	5	623400000000
28	10	8	623400000000
28	11	5	623400000000
28	12	5	623400000000
28	13	4	623400000000
28	14	3	623400000000
28	15	0	623400000000
28	16	2	623400000000
29	1	76	640200000000
29	2	69	640200000000
29	3	34	640200000000
29	4	25	640200000000
29	5	23	640200000000
29	6	16	640200000000
29	7	17	640200000000
29	8	5	640200000000
29	9	4	640200000000
29	10	0	640200000000
29	11	2	640200000000
29	12	1	640200000000
29	13	2	640200000000
29	14	0	640200000000
29	15	0	640200000000
29	16	1	640200000000
30	1	111	618000000000
30	2	90	618000000000
30	3	64	618000000000
30	4	29	618000000000
30	5	21	618000000000
30	6	21	618000000000
30	7	7	618000000000
30	8	6	618000000000
30	9	4	618000000000
30	10	1	618000000000
30	11	1	618000000000
30	12	0	618000000000
30	13	2	618000000000
30	14	0	618000000000
30	15	0	618000000000
30	16	0	618000000000
31	1	58	574200000000
31	2	36	574200000000
31	3	30	574200000000
31	4	20	574200000000
31	5	12	574200000000
31	6	7	574200000000
31	7	7	574200000000
31	8	5	574200000000
31	9	0	574200000000
31	10	0	574200000000
31	11	0	574200000000
31	12	0	574200000000
31	13	1	574200000000
31	14	0	574200000000
31	15	0	574200000000
31	16	0	574200000000
32	1	34	603400000000
32	2	32	603400000000
32	3	19	603400000000
32	4	14	603400000000
32	5	5	603400000000
32	6	5	603400000000
32	7	2	603400000000
32	8	2	603400000000
32	9	1	603400000000
32	10	0	603400000000
32	11	2	603400000000
32	12	0	603400000000
32	13	0	603400000000
32	14	0	603400000000
32	15	0	603400000000
32	16	1	603400000000
33	1	65	551700000000
33	2	39	551700000000
33	3	15	551700000000
33	4	15	551700000000
33	5	12	551700000000
33	6	11	551700000000
33	7	4	551700000000
33	8	4	551700000000
33	9	1	551700000000
33	10	1	551700000000
33	11	1	551700000000
33	12	0	551700000000
33	13	0	551700000000
33	14	0	551700000000
33	15	0	551700000000
33	16	0	551700000000
34	1	47	586700000000
34	2	38	586700000000
34	3	24	586700000000
34	4	20	586700000000
34	5	11	586700000000
34	6	7	586700000000
34	7	8	586700000000
34	8	1	586700000000
34	9	4	586700000000
34	10	1	586700000000
34	11	2	586700000000
34	12	0	586700000000
34	13	0	586700000000
34	14	0	586700000000
34	15	0	586700000000
34	16	0	586700000000
35	1	59	554200000000
35	2	45	554200000000
35	3	28	554200000000
35	4	15	554200000000
35	5	12	554200000000
35	6	5	554200000000
35	7	4	554200000000
35	8	3	554200000000
35	9	5	554200000000
35	10	1	554200000000
35	11	0	554200000000
35	12	0	554200000000
35	13	1	554200000000
35	14	0	554200000000
35	15	0	554200000000
35	16	1	554200000000
36	1	73	566000000000
36	2	55	566000000000
36	3	35	566000000000
36	4	30	566000000000
36	5	10	566000000000
36	6	8	566000000000
36	7	6	566000000000
36	8	2	566000000000
36	9	2	566000000000
36	10	5	566000000000
36	11	1	566000000000
36	12	0	566000000000
36	13	0	566000000000
36	14	0	566000000000
36	15	0	566000000000
36	16	0	566000000000
37	1	36	665600000000
37	2	28	665600000000
37	3	16	665600000000
37	4	8	665600000000
37	5	9	665600000000
37	6	9	665600000000
37	7	6	665600000000
37	8	3	665600000000
37	9	2	665600000000
37	10	2	665600000000
37	11	1	665600000000
37	12	0	665600000000
37	13	1	665600000000
37	14	1	665600000000
37	15	0	665600000000
37	16	0	665600000000
38	1	49	695800000000
38	2	26	695800000000
38	3	23	695800000000
38	4	19	695800000000
38	5	21	695800000000
38	6	9	695800000000
38	7	6	695800000000
38	8	5	695800000000
38	9	0	695800000000
38	10	0	695800000000
38	11	0	695800000000
38	12	1	695800000000
38	13	0	695800000000
38	14	0	695800000000
38	15	0	695800000000
38	16	1	695800000000
39	1	132	746300000000
39	2	100	746300000000
39	3	63	746300000000
39	4	40	746300000000
39	5	26	746300000000
39	6	18	746300000000
39	7	5	746300000000
39	8	5	746300000000
39	9	5	746300000000
39	10	1	746300000000
39	11	3	746300000000
39	12	0	746300000000
39	13	0	746300000000
39	14	0	746300000000
39	15	0	746300000000
39	16	0	746300000000
40	1	68	564200000000
40	2	44	564200000000
40	3	30	564200000000
40	4	14	564200000000
40	5	13	564200000000
40	6	8	564200000000
40	7	2	564200000000
40	8	3	564200000000
40	9	2	564200000000
40	10	1	564200000000
40	11	1	564200000000
40	12	1	564200000000
40	13	1	564200000000
40	14	0	564200000000
40	15	1	564200000000
40	16	1	564200000000
41	1	47	707200000000
41	2	34	707200000000
41	3	32	707200000000
41	4	20	707200000000
41	5	17	707200000000
41	6	7	707200000000
41	7	7	707200000000
41	8	6	707200000000
41	9	2	707200000000
41	10	1	707200000000
41	11	3	707200000000
41	12	1	707200000000
41	13	0	707200000000
41	14	0	707200000000
41	15	1	707200000000
41	16	0	707200000000
42	1	76	740400000000
42	2	40	740400000000
42	3	37	740400000000
42	4	27	740400000000
42	5	13	740400000000
42	6	7	740400000000
42	7	10	740400000000
42	8	2	740400000000
42	9	5	740400000000
42	10	4	740400000000
42	11	2	740400000000
42	12	4	740400000000
42	13	1	740400000000
42	14	0	740400000000
42	15	0	740400000000
42	16	0	740400000000
43	1	218	603100000000
43	2	152	603100000000
43	3	125	603100000000
43	4	86	603100000000
43	5	67	603100000000
43	6	40	603100000000
43	7	34	603100000000
43	8	16	603100000000
43	9	14	603100000000
43	10	9	603100000000
43	11	6	603100000000
43	12	2	603100000000
43	13	3	603100000000
43	14	1	603100000000
43	15	2	603100000000
43	16	2	603100000000
44	1	112	589800000000
44	2	93	589800000000
44	3	59	589800000000
44	4	33	589800000000
44	5	27	589800000000
44	6	22	589800000000
44	7	15	589800000000
44	8	7	589800000000
44	9	5	589800000000
44	10	3	589800000000
44	11	1	589800000000
44	12	1	589800000000
44	13	1	589800000000
44	14	1	589800000000
44	15	0	589800000000
44	16	0	589800000000
45	1	45	606200000000
45	2	32	606200000000
45	3	20	606200000000
45	4	25	606200000000
45	5	16	606200000000
45	6	7	606200000000
45	7	7	606200000000
45	8	3	606200000000
45	9	2	606200000000
45	10	0	606200000000
45	11	0	606200000000
45	12	0	606200000000
45	13	0	606200000000
45	14	0	606200000000
45	15	0	606200000000
45	16	0	606200000000
46	1	69	584100000000
46	2	40	584100000000
46	3	23	584100000000
46	4	16	584100000000
46	5	9	584100000000
46	6	10	584100000000
46	7	9	584100000000
46	8	0	584100000000
46	9	2	584100000000
46	10	2	584100000000
46	11	0	584100000000
46	12	0	584100000000
46	13	0	584100000000
46	14	0	584100000000
46	15	0	584100000000
46	16	0	584100000000
47	1	107	602300000000
47	2	70	602300000000
47	3	48	602300000000
47	4	39	602300000000
47	5	34	602300000000
47	6	13	602300000000
47	7	11	602300000000
47	8	7	602300000000
47	9	4	602300000000
47	10	1	602300000000
47	11	1	602300000000
47	12	3	602300000000
47	13	0	602300000000
47	14	0	602300000000
47	15	0	602300000000
47	16	0	602300000000
48	1	64	554600000000
48	2	43	554600000000
48	3	26	554600000000
48	4	17	554600000000
48	5	9	554600000000
48	6	7	554600000000
48	7	3	554600000000
48	8	3	554600000000
48	9	1	554600000000
48	10	3	554600000000
48	11	1	554600000000
48	12	2	554600000000
48	13	0	554600000000
48	14	0	554600000000
48	15	0	554600000000
48	16	0	554600000000
49	1	93	652800000000
49	2	46	652800000000
49	3	54	652800000000
49	4	24	652800000000
49	5	12	652800000000
49	6	12	652800000000
49	7	10	652800000000
49	8	6	652800000000
49	9	6	652800000000
49	10	4	652800000000
49	11	3	652800000000
49	12	0	652800000000
49	13	0	652800000000
49	14	1	652800000000
49	15	0	652800000000
49	16	1	652800000000
50	1	64	687400000000
50	2	35	687400000000
50	3	28	687400000000
50	4	20	687400000000
50	5	16	687400000000
50	6	9	687400000000
50	7	6	687400000000
50	8	2	687400000000
50	9	1	687400000000
50	10	1	687400000000
50	11	1	687400000000
50	12	1	687400000000
50	13	0	687400000000
50	14	0	687400000000
50	15	0	687400000000
50	16	1	687400000000
51	1	60	698600000000
51	2	26	698600000000
51	3	39	698600000000
51	4	16	698600000000
51	5	13	698600000000
51	6	7	698600000000
51	7	9	698600000000
51	8	4	698600000000
51	9	2	698600000000
51	10	1	698600000000
51	11	1	698600000000
51	12	0	698600000000
51	13	0	698600000000
51	14	0	698600000000
51	15	0	698600000000
51	16	0	698600000000
52	1	45	705000000000
52	2	43	705000000000
52	3	23	705000000000
52	4	21	705000000000
52	5	10	705000000000
52	6	6	705000000000
52	7	7	705000000000
52	8	4	705000000000
52	9	0	705000000000
52	10	1	705000000000
52	11	4	705000000000
52	12	0	705000000000
52	13	1	705000000000
52	14	1	705000000000
52	15	0	705000000000
52	16	0	705000000000
53	1	55	711100000000
53	2	34	711100000000
53	3	29	711100000000
53	4	10	711100000000
53	5	7	711100000000
53	6	8	711100000000
53	7	6	711100000000
53	8	6	711100000000
53	9	2	711100000000
53	10	1	711100000000
53	11	0	711100000000
53	12	0	711100000000
53	13	1	711100000000
53	14	0	711100000000
53	15	0	711100000000
53	16	1	711100000000
54	1	38	740700000000
54	2	39	740700000000
54	3	27	740700000000
54	4	15	740700000000
54	5	10	740700000000
54	6	5	740700000000
54	7	5	740700000000
54	8	1	740700000000
54	9	3	740700000000
54	10	3	740700000000
54	11	1	740700000000
54	12	0	740700000000
54	13	0	740700000000
54	14	1	740700000000
54	15	1	740700000000
54	16	0	740700000000
55	1	90	852400000000
55	2	70	852400000000
55	3	44	852400000000
55	4	34	852400000000
55	5	25	852400000000
55	6	23	852400000000
55	7	9	852400000000
55	8	4	852400000000
55	9	8	852400000000
55	10	2	852400000000
55	11	1	852400000000
55	12	1	852400000000
55	13	0	852400000000
55	14	1	852400000000
55	15	0	852400000000
55	16	0	852400000000
56	1	50	916000000000
56	2	35	916000000000
56	3	24	916000000000
56	4	20	916000000000
56	5	15	916000000000
56	6	9	916000000000
56	7	8	916000000000
56	8	9	916000000000
56	9	1	916000000000
56	10	6	916000000000
56	11	2	916000000000
56	12	1	916000000000
56	13	0	916000000000
56	14	1	916000000000
56	15	1	916000000000
56	16	0	916000000000
57	1	50	552500000000
57	2	46	552500000000
57	3	26	552500000000
57	4	19	552500000000
57	5	6	552500000000
57	6	5	552500000000
57	7	6	552500000000
57	8	2	552500000000
57	9	2	552500000000
57	10	0	552500000000
57	11	2	552500000000
57	12	1	552500000000
57	13	0	552500000000
57	14	1	552500000000
57	15	0	552500000000
57	16	0	552500000000
58	1	55	734200000000
58	2	31	734200000000
58	3	23	734200000000
58	4	14	734200000000
58	5	16	734200000000
58	6	6	734200000000
58	7	5	734200000000
58	8	5	734200000000
58	9	3	734200000000
58	10	2	734200000000
58	11	1	734200000000
58	12	1	734200000000
58	13	2	734200000000
58	14	0	734200000000
58	15	0	734200000000
58	16	0	734200000000
59	1	171	639900000000
59	2	97	639900000000
59	3	70	639900000000
59	4	55	639900000000
59	5	34	639900000000
59	6	22	639900000000
59	7	17	639900000000
59	8	7	639900000000
59	9	5	639900000000
59	10	5	639900000000
59	11	2	639900000000
59	12	2	639900000000
59	13	1	639900000000
59	14	0	639900000000
59	15	0	639900000000
59	16	0	639900000000
60	1	52	600600000000
60	2	45	600600000000
60	3	32	600600000000
60	4	24	600600000000
60	5	10	600600000000
60	6	9	600600000000
60	7	6	600600000000
60	8	3	600600000000
60	9	5	600600000000
60	10	2	600600000000
60	11	0	600600000000
60	12	1	600600000000
60	13	2	600600000000
60	14	1	600600000000
60	15	0	600600000000
60	16	0	600600000000
61	1	142	634200000000
61	2	90	634200000000
61	3	54	634200000000
61	4	44	634200000000
61	5	22	634200000000
61	6	12	634200000000
61	7	10	634200000000
61	8	10	634200000000
61	9	5	634200000000
61	10	5	634200000000
61	11	3	634200000000
61	12	1	634200000000
61	13	2	634200000000
61	14	0	634200000000
61	15	1	634200000000
61	16	0	634200000000
62	1	66	746500000000
62	2	38	746500000000
62	3	23	746500000000
62	4	24	746500000000
62	5	9	746500000000
62	6	9	746500000000
62	7	2	746500000000
62	8	3	746500000000
62	9	1	746500000000
62	10	0	746500000000
62	11	1	746500000000
62	12	1	746500000000
62	13	0	746500000000
62	14	0	746500000000
62	15	0	746500000000
62	16	0	746500000000
63	1	41	592300000000
63	2	38	592300000000
63	3	17	592300000000
63	4	15	592300000000
63	5	8	592300000000
63	6	10	592300000000
63	7	0	592300000000
63	8	2	592300000000
63	9	0	592300000000
63	10	1	592300000000
63	11	0	592300000000
63	12	0	592300000000
63	13	1	592300000000
63	14	0	592300000000
63	15	1	592300000000
63	16	0	592300000000
64	1	129	627200000000
64	2	65	627200000000
64	3	61	627200000000
64	4	41	627200000000
64	5	28	627200000000
64	6	21	627200000000
64	7	12	627200000000
64	8	8	627200000000
64	9	4	627200000000
64	10	3	627200000000
64	11	0	627200000000
64	12	1	627200000000
64	13	0	627200000000
64	14	0	627200000000
64	15	0	627200000000
64	16	0	627200000000
65	1	145	594800000000
65	2	87	594800000000
65	3	61	594800000000
65	4	54	594800000000
65	5	30	594800000000
65	6	22	594800000000
65	7	12	594800000000
65	8	9	594800000000
65	9	3	594800000000
65	10	3	594800000000
65	11	1	594800000000
65	12	1	594800000000
65	13	2	594800000000
65	14	1	594800000000
65	15	0	594800000000
65	16	0	594800000000
66	1	73	739500000000
66	2	38	739500000000
66	3	29	739500000000
66	4	15	739500000000
66	5	16	739500000000
66	6	6	739500000000
66	7	3	739500000000
66	8	3	739500000000
66	9	2	739500000000
66	10	3	739500000000
66	11	0	739500000000
66	12	2	739500000000
66	13	0	739500000000
66	14	0	739500000000
66	15	1	739500000000
66	16	0	739500000000
67	1	105	696900000000
67	2	81	696900000000
67	3	48	696900000000
67	4	30	696900000000
67	5	24	696900000000
67	6	20	696900000000
67	7	16	696900000000
67	8	3	696900000000
67	9	4	696900000000
67	10	5	696900000000
67	11	3	696900000000
67	12	1	696900000000
67	13	2	696900000000
67	14	0	696900000000
67	15	2	696900000000
67	16	0	696900000000
68	1	63	679800000000
68	2	51	679800000000
68	3	41	679800000000
68	4	21	679800000000
68	5	13	679800000000
68	6	11	679800000000
68	7	6	679800000000
68	8	6	679800000000
68	9	3	679800000000
68	10	3	679800000000
68	11	0	679800000000
68	12	1	679800000000
68	13	0	679800000000
68	14	0	679800000000
68	15	0	679800000000
68	16	0	679800000000
69	1	76	633800000000
69	2	45	633800000000
69	3	37	633800000000
69	4	19	633800000000
69	5	17	633800000000
69	6	7	633800000000
69	7	8	633800000000
69	8	9	633800000000
69	9	2	633800000000
69	10	0	633800000000
69	11	1	633800000000
69	12	1	633800000000
69	13	0	633800000000
69	14	1	633800000000
69	15	0	633800000000
69	16	0	633800000000
70	1	36	646400000000
70	2	22	646400000000
70	3	16	646400000000
70	4	10	646400000000
70	5	10	646400000000
70	6	12	646400000000
70	7	4	646400000000
70	8	3	646400000000
70	9	4	646400000000
70	10	1	646400000000
70	11	0	646400000000
70	12	2	646400000000
70	13	0	646400000000
70	14	0	646400000000
70	15	0	646400000000
70	16	1	646400000000
71	1	69	645700000000
71	2	57	645700000000
71	3	29	645700000000
71	4	31	645700000000
71	5	22	645700000000
71	6	12	645700000000
71	7	10	645700000000
71	8	7	645700000000
71	9	5	645700000000
71	10	3	645700000000
71	11	1	645700000000
71	12	1	645700000000
71	13	0	645700000000
71	14	0	645700000000
71	15	0	645700000000
71	16	0	645700000000
72	1	85	751000000000
72	2	53	751000000000
72	3	39	751000000000
72	4	31	751000000000
72	5	21	751000000000
72	6	13	751000000000
72	7	6	751000000000
72	8	5	751000000000
72	9	4	751000000000
72	10	2	751000000000
72	11	3	751000000000
72	12	1	751000000000
72	13	0	751000000000
72	14	0	751000000000
72	15	0	751000000000
72	16	0	751000000000
73	1	81	752400000000
73	2	51	752400000000
73	3	40	752400000000
73	4	33	752400000000
73	5	13	752400000000
73	6	6	752400000000
73	7	6	752400000000
73	8	3	752400000000
73	9	6	752400000000
73	10	1	752400000000
73	11	0	752400000000
73	12	1	752400000000
73	13	1	752400000000
73	14	0	752400000000
73	15	0	752400000000
73	16	0	752400000000
74	1	40	564800000000
74	2	32	564800000000
74	3	17	564800000000
74	4	15	564800000000
74	5	11	564800000000
74	6	8	564800000000
74	7	2	564800000000
74	8	2	564800000000
74	9	1	564800000000
74	10	0	564800000000
74	11	1	564800000000
74	12	0	564800000000
74	13	0	564800000000
74	14	0	564800000000
74	15	1	564800000000
74	16	0	564800000000
75	1	42	564600000000
75	2	21	564600000000
75	3	14	564600000000
75	4	13	564600000000
75	5	8	564600000000
75	6	6	564600000000
75	7	5	564600000000
75	8	1	564600000000
75	9	1	564600000000
75	10	0	564600000000
75	11	0	564600000000
75	12	2	564600000000
75	13	2	564600000000
75	14	0	564600000000
75	15	0	564600000000
75	16	0	564600000000
76	1	81	578900000000
76	2	79	578900000000
76	3	47	578900000000
76	4	30	578900000000
76	5	19	578900000000
76	6	12	578900000000
76	7	8	578900000000
76	8	3	578900000000
76	9	3	578900000000
76	10	4	578900000000
76	11	1	578900000000
76	12	1	578900000000
76	13	0	578900000000
76	14	0	578900000000
76	15	1	578900000000
76	16	0	578900000000
77	1	103	743600000000
77	2	74	743600000000
77	3	47	743600000000
77	4	26	743600000000
77	5	17	743600000000
77	6	17	743600000000
77	7	5	743600000000
77	8	5	743600000000
77	9	4	743600000000
77	10	1	743600000000
77	11	1	743600000000
77	12	2	743600000000
77	13	1	743600000000
77	14	0	743600000000
77	15	1	743600000000
77	16	0	743600000000
78	1	57	561900000000
78	2	48	561900000000
78	3	36	561900000000
78	4	19	561900000000
78	5	11	561900000000
78	6	9	561900000000
78	7	5	561900000000
78	8	4	561900000000
78	9	0	561900000000
78	10	2	561900000000
78	11	0	561900000000
78	12	0	561900000000
78	13	2	561900000000
78	14	0	561900000000
78	15	1	561900000000
78	16	0	561900000000
79	1	179	573000000000
79	2	128	573000000000
79	3	107	573000000000
79	4	64	573000000000
79	5	46	573000000000
79	6	23	573000000000
79	7	18	573000000000
79	8	7	573000000000
79	9	3	573000000000
79	10	2	573000000000
79	11	1	573000000000
79	12	2	573000000000
79	13	1	573000000000
79	14	0	573000000000
79	15	0	573000000000
79	16	0	573000000000
80	1	85	600400000000
80	2	65	600400000000
80	3	28	600400000000
80	4	26	600400000000
80	5	19	600400000000
80	6	12	600400000000
80	7	2	600400000000
80	8	3	600400000000
80	9	4	600400000000
80	10	3	600400000000
80	11	2	600400000000
80	12	2	600400000000
80	13	0	600400000000
80	14	2	600400000000
80	15	0	600400000000
80	16	0	600400000000
81	1	69	578200000000
81	2	45	578200000000
81	3	21	578200000000
81	4	16	578200000000
81	5	12	578200000000
81	6	11	578200000000
81	7	4	578200000000
81	8	5	578200000000
81	9	2	578200000000
81	10	3	578200000000
81	11	2	578200000000
81	12	0	578200000000
81	13	0	578200000000
81	14	0	578200000000
81	15	0	578200000000
81	16	0	578200000000
82	1	68	610200000000
82	2	25	610200000000
82	3	27	610200000000
82	4	18	610200000000
82	5	15	610200000000
82	6	13	610200000000
82	7	7	610200000000
82	8	4	610200000000
82	9	0	610200000000
82	10	1	610200000000
82	11	0	610200000000
82	12	0	610200000000
82	13	1	610200000000
82	14	0	610200000000
82	15	0	610200000000
82	16	0	610200000000
83	1	48	558000000000
83	2	34	558000000000
83	3	28	558000000000
83	4	11	558000000000
83	5	10	558000000000
83	6	12	558000000000
83	7	2	558000000000
83	8	0	558000000000
83	9	1	558000000000
83	10	1	558000000000
83	11	1	558000000000
83	12	1	558000000000
83	13	1	558000000000
83	14	2	558000000000
83	15	0	558000000000
83	16	0	558000000000
84	1	62	623900000000
84	2	40	623900000000
84	3	35	623900000000
84	4	15	623900000000
84	5	19	623900000000
84	6	12	623900000000
84	7	2	623900000000
84	8	0	623900000000
84	9	1	623900000000
84	10	2	623900000000
84	11	2	623900000000
84	12	2	623900000000
84	13	1	623900000000
84	14	0	623900000000
84	15	1	623900000000
84	16	0	623900000000
85	1	64	914300000000
85	2	45	914300000000
85	3	25	914300000000
85	4	20	914300000000
85	5	14	914300000000
85	6	7	914300000000
85	7	5	914300000000
85	8	2	914300000000
85	9	1	914300000000
85	10	4	914300000000
85	11	1	914300000000
85	12	0	914300000000
85	13	0	914300000000
85	14	0	914300000000
85	15	1	914300000000
85	16	0	914300000000
86	1	93	648700000000
86	2	51	648700000000
86	3	43	648700000000
86	4	26	648700000000
86	5	18	648700000000
86	6	11	648700000000
86	7	7	648700000000
86	8	2	648700000000
86	9	2	648700000000
86	10	6	648700000000
86	11	1	648700000000
86	12	2	648700000000
86	13	1	648700000000
86	14	1	648700000000
86	15	0	648700000000
86	16	1	648700000000
87	1	212	598600000000
87	2	143	598600000000
87	3	87	598600000000
87	4	60	598600000000
87	5	40	598600000000
87	6	24	598600000000
87	7	16	598600000000
87	8	14	598600000000
87	9	4	598600000000
87	10	5	598600000000
87	11	3	598600000000
87	12	3	598600000000
87	13	2	598600000000
87	14	0	598600000000
87	15	0	598600000000
87	16	1	598600000000
88	1	238	628900000000
88	2	190	628900000000
88	3	177	628900000000
88	4	119	628900000000
88	5	94	628900000000
88	6	58	628900000000
88	7	48	628900000000
88	8	37	628900000000
88	9	23	628900000000
88	10	10	628900000000
88	11	9	628900000000
88	12	9	628900000000
88	13	8	628900000000
88	14	0	628900000000
88	15	1	628900000000
88	16	0	628900000000
89	1	136	702200000000
89	2	83	702200000000
89	3	66	702200000000
89	4	43	702200000000
89	5	30	702200000000
89	6	22	702200000000
89	7	11	702200000000
89	8	7	702200000000
89	9	9	702200000000
89	10	2	702200000000
89	11	2	702200000000
89	12	2	702200000000
89	13	0	702200000000
89	14	1	702200000000
89	15	1	702200000000
89	16	0	702200000000
90	1	65	751800000000
90	2	56	751800000000
90	3	42	751800000000
90	4	30	751800000000
90	5	11	751800000000
90	6	17	751800000000
90	7	9	751800000000
90	8	5	751800000000
90	9	5	751800000000
90	10	3	751800000000
90	11	0	751800000000
90	12	2	751800000000
90	13	3	751800000000
90	14	0	751800000000
90	15	0	751800000000
90	16	0	751800000000
91	1	82	596700000000
91	2	46	596700000000
91	3	28	596700000000
91	4	18	596700000000
91	5	19	596700000000
91	6	5	596700000000
91	7	5	596700000000
91	8	3	596700000000
91	9	4	596700000000
91	10	0	596700000000
91	11	2	596700000000
91	12	0	596700000000
91	13	0	596700000000
91	14	0	596700000000
91	15	0	596700000000
91	16	0	596700000000
92	1	149	756700000000
92	2	88	756700000000
92	3	68	756700000000
92	4	49	756700000000
92	5	25	756700000000
92	6	20	756700000000
92	7	8	756700000000
92	8	8	756700000000
92	9	8	756700000000
92	10	0	756700000000
92	11	2	756700000000
92	12	0	756700000000
92	13	1	756700000000
92	14	2	756700000000
92	15	0	756700000000
92	16	0	756700000000
93	1	53	637002320000
93	2	37	637002320000
93	3	19	637002320000
93	4	14	637002320000
93	5	8	637002320000
93	6	7	637002320000
93	7	4	637002320000
93	8	1	637002320000
93	9	2	637002320000
93	10	2	637002320000
93	11	0	637002320000
93	12	0	637002320000
93	13	0	637002320000
93	14	0	637002320000
93	15	0	637002320000
93	16	0	637002320000
